0    450  700  -1   320  500  650  -1   400  580
450  0    350  -1   -1   -1   300  700  -1   450
700  350  0    200  500  -1   450  -1   -1   600
-1   -1   200  0    400  550  -1   300  650  -1
320  -1   500  400  0    -1   -1   -1   300  100
500  -1   -1   550  -1   0    -1   400  -1   -1
650  300  450  -1   -1   -1   0    350  -1   200
-1   700  -1   300  -1   400  350  0    550  -1
400  -1   -1   650  300  -1   -1   550  0    250
580  450  600  -1   100  -1   200  -1   250  0
---
2 3
5 8
7 1
---
1